% TimeSimulation
T = 0.1;
% The first actuator's parametrs
k11 = 2330;
k12 = 2.8;
k13 = 117;
k14 = 0.043;
k15 = 94;
% The second actuator's parametrs
k21 = 3880;
k22 = 2.94;
k23 = 96;
k24 = 0.044;
k25 = 156;
% The third actuator's parametrs
k31 = 4202;
k32 = 2.97;
k33 = 120;
k34 = 0.055;
k35 = 168;